Article,Acta,Adv.Theor.Math.Phys.,Annals,Class.Quant.Grav.,Commun.Math.Phys.,Eur.Phys.J.,Fortsch.Phys.,Int.,Int.J.Mod.Phys.,Int.J.Theor.Phys.,J.Geom.Phys.,J.Math.Phys.,J.Phys.,JHEP,Lett.Math.Phys.,Mod.,Mod.Phys.Lett.,Nucl.,Nucl.Phys.,Nucl.Phys.Proc.Suppl.,Nuovo,Phys.,Phys.Lett.,Phys.Rev.,Phys.Rev.Lett.,Prog.Theor.Phys.,Theor.Math.Phys.,Z.Phys.
9811192,0.00011829173860688694,0.005906771479221969,0.0007867638175513939,0.023554501375540174,0.01195894355364881,0.00476899536434922,0.0027168453365418177,6.795013987503889e-06,0.014514221205415847,4.029397865060103e-05,0.002097536121907149,0.008450291768245681,0.0010141080855582082,0.12850638528720135,0.0023452357443662273,2.9985946068461346e-05,0.06848833029906952,0.00024917275479106866,0.16000634826541837,0.005745931074068484,9.545018575878042e-07,0.0003077106141092615,0.35761329184823637,0.16999155438348473,0.02223776319750114,0.008193649110152718,0.00034913506188134866,1.93072568088435e-07
9811002,0.00010053512008280259,0.0065446798423519645,0.0016336547358721313,0.027465137807671302,0.010286776638615311,0.004385617390135749,0.003017434714028907,2.5586105116371325e-05,0.023440961125478627,8.387473571813293e-05,0.0024629453499422907,0.008599431228152692,0.0010996856663481626,0.15440815923658482,0.001875114936359669,8.411295561828184e-05,0.036923747250085126,0.0006552571572734662,0.18864236910079354,0.0075677577747504205,1.1811467986086454e-06,0.0007394293692886018,0.33250020199817215,0.16207479534334623,0.016982614415041525,0.008147535742615933,0.00024981238303171407,1.5907307254647818e-06
203206,0.00016943924035609816,0.0017204744253315224,0.0002313689008828051,0.0367900599242883,0.005672119804681637,0.0027385121740635997,0.0013885861879183203,6.5724802639150915e-06,0.0012628232811858426,6.477343235906962e-05,0.0012810380368813753,0.003594746915437713,0.0005471021645413209,0.05292073196892147,0.001631301926096765,2.7225890298986942e-05,0.009922599289025735,0.0002677204811680778,0.49520101471766254,0.006204539108845896,3.8939276625332715e-06,0.001201497998508842,0.19223441730588298,0.15097200830782512,0.028528692725573197,0.0029679391350019746,0.002448514104483706,2.8614485067491825e-07
8221,4.786778998103218e-05,0.027516685898127297,0.0005546418993498376,0.004187610139122633,0.008444385709069276,0.0009395431850794246,0.0017570183612875129,1.539756100843157e-05,0.001308282650787854,5.9254532564535487e-05,0.002436006791596238,0.0005743584912046117,0.0006494164683154296,0.7880443923211267,0.0002897955967764436,0.000117159767743144,0.0008232338799468257,0.008734637623055146,0.06400925523612033,0.0009590705280702875,9.049031413833493e-07,0.00019216336927007762,0.027743140448667058,0.030212403719342817,0.0007892859056311103,0.029514538730631344,7.734061525917736e-05,2.2078777243137746e-06
9909164,0.0002728083436492684,0.003018151652028734,0.0020672332261847093,0.027701263590393863,0.005090341997761628,0.0029301370847347086,0.0014472843829052694,0.0003581348633659055,0.013750333720247764,0.0003533080087944273,0.005348125470513379,0.008867161500507951,0.0034085073209340535,0.30250459970955285,0.0027597863501316587,0.0007833928296499303,0.010273289713234462,0.0031012365515469898,0.01273325018071718,0.003051557370959052,4.0080027135939724e-05,0.002567030315281496,0.5159937909563489,0.05731297499195835,0.00939702721115762,0.0040856424013219145,0.0007116902021957949,7.186002678615015e-05
208032,0.008340237143819696,0.01035315009625025,0.003202643322040443,0.04188213619063682,0.0034679128843469855,0.004042608707094189,0.09481327424120921,6.471420802604011e-06,0.052265487818097894,0.0006489782284230445,0.0014340807979957891,0.009170893290222366,0.006944397862727184,0.045596399838938824,0.0012505241576957523,2.333402247156098e-05,0.024410122025544496,0.0005663414995544369,0.3389473839847335,0.017465105020554022,3.930431533807869e-05,0.0001533195703450056,0.05307930379639267,0.251285400694145,0.008224140907097685,0.021701222939803477,0.0006848311504947576,9.94073224219626e-07
9711017,0.00037372216459328545,0.01259535972091354,0.0009428056943041729,0.011296246842340282,0.005326750720203623,0.007520598459568448,0.0020235487338372705,2.698041161635786e-05,0.06850757623521311,0.00023756775614534428,0.001499629753386689,0.16944916128226395,0.0023807115456320003,0.004679248532396953,0.0018695471062710077,0.00015275004119712928,0.09577605952632422,0.00049314457681343,0.29792348893945564,0.02009229076597837,1.189691412539307e-05,0.0002887271569513826,0.2692868002476387,0.018962380153329402,0.0037325615284794274,0.003998733804900336,0.0005491327164665222,2.5786696539296435e-06
9708019,0.0028574293668239986,0.001684974422675867,0.0022285838895446056,0.03469642966183524,0.005228230555161837,0.0033201236309235225,0.002302235503563082,0.016653717363057485,0.025804490770862526,0.029464425419046158,0.00206238922346241,0.005935930112512235,0.011782461930826296,0.004124565491974085,0.017545365264565627,0.0029379614066918983,0.1909460836792697,0.0028706999459362547,0.28925760875563783,0.0034931767498127477,0.003404098908588765,0.016694835462824926,0.011759404678478443,0.014977579276281221,0.025866794984050374,0.2675081678537603,0.0034429144969425935,0.001149321194889953
205217,0.0027693557405336516,0.0025807771660653115,0.005209212506042851,0.012161499847583203,0.008564728098693691,0.008023627970492737,0.0037351915051627113,0.0014620750305868535,0.04080842400057737,0.0032138640128784608,0.0028909223493754914,0.014686303130595497,0.01340393310837674,0.07530239432658438,0.006674906709780766,0.006004341197656093,0.028064640063509855,0.007480692732855122,0.10362952275776935,0.005258161562167161,0.0014884989243175357,0.04923920372486866,0.10269148228709307,0.4563208984776957,0.0256502510480036,0.008054357680900206,0.0030491057091004605,0.0015816283307332436
9706210,0.002282361549488584,0.010783762670084027,0.0027439531058264972,0.050370005038929154,0.0013313555427746028,0.0015715120456434824,0.002705489437329041,7.525015346959195e-05,0.029153219358262258,0.001038270969110869,0.021434081205688165,0.0007646448394050394,0.002996274629153543,0.03641771942064099,0.0002467576707078777,6.0808052807471975e-05,0.007130097898090412,0.0008113627680106918,0.07813078688208608,0.6843775786107614,2.5876690759854224e-06,0.0003624111968383417,0.009821899091354122,0.05097259958463335,0.0008083528230839809,0.0033778970895902895,0.00020812513231997605,2.0835564834293466e-05
9711202,0.0001260925370112717,0.0022807569447531747,0.0004669094496659817,0.0021689837945203148,0.0015788198672650469,0.0043064166590851575,0.00035702592328597634,0.0005712247256780251,0.0005201693111127847,1.2255723474856208e-05,0.0008948095015724913,0.11458696583230439,2.4581447652055436e-05,0.2691096262312307,0.0009074029569548604,0.0005029011195082345,0.0013723047676487067,0.003639954102608642,0.030963178712970846,0.0038226246818561897,7.414230342829063e-08,0.00015737583800704298,0.0037999367805420675,0.3155774726091305,0.2419430482808471,0.00026946088670881543,3.3725582796003236e-05,5.9015895053668516e-06
9411068,0.0002701628854954097,0.0015687784016676603,0.0026056359684758046,0.003958615890295496,0.0003293417617761901,0.0021602162366498347,0.000552595279984303,0.0031005289938851764,0.003735029417743997,0.00063705585347408,0.0010313420066114041,0.34895776515524246,0.0009075992021717199,0.013719684125417032,0.0014352424310516666,0.004728849575025741,0.0007587364954474511,0.035382999351995965,0.3635373940785007,0.001123222869455209,0.00024049329552858074,0.0047345996952209285,0.12041212469476908,0.07732791902327237,0.002850565939226289,0.001504740698602782,0.0006148113414171288,0.0018139493315955193
9205040,0.0005289463718624237,0.00978226804557964,0.005409838271670322,0.008945400206190932,0.4843724790228041,0.001258801978465343,0.0007043937753925197,0.004363686205403624,0.1989661793390238,0.002517133352678169,0.00879396479982401,0.03141626078605197,0.032068609752413955,0.0715048772273848,0.0028841956066531955,0.009749630107889335,0.001897691127551934,0.010870394683412464,0.04276341646224282,0.0011494202304450998,0.0013024768582869117,0.03382026599244009,0.015164861430333949,0.005186043483428523,0.008211472435036048,0.001615071047365082,0.0013432182821725665,0.0034090031179963187
9808098,0.002982355367369676,0.0005886050680819273,0.0038438566310855437,0.008757525553278663,0.013875458514557348,0.003103602356871575,0.7969035999579563,0.0008161100406810119,0.017263173604875476,0.005254941687326246,0.0015435730230269767,0.02641916216043304,0.007180976319043088,0.03587880685163895,0.0018548761786497856,0.002583488861978883,0.002172525779729235,0.005165306636224323,0.0030941302099459426,0.021522826292315302,0.0007322985431045435,0.0017031232823401174,0.0036973950633135853,0.026686090198302863,0.0019543249912865636,0.0006899682171239486,0.0035558270872418783,0.00017607152221709604
9401155,0.003374650953448245,0.004080412719416161,0.01088629056537618,0.013244757123394867,0.005300449329154342,0.004044360639424045,0.00321474833098999,0.008633714459196655,0.01917050502001495,0.004653219877065797,0.0029350095699150107,0.02319503979390441,0.06776904168635632,0.009766586042934738,0.01724020705104034,0.021816258768346877,0.01716620165641592,0.014021409039360659,0.0580156557515574,0.0034924130824582744,0.008748766958771153,0.03509980555702203,0.32152816430571163,0.2829614921704945,0.01730296773237913,0.00626613115562818,0.008650466618056676,0.007421274042165533
9804078,0.005393046370278655,0.004168884506060924,0.01592059919605522,0.03153338584407292,0.053981784439308414,0.005447402123603417,0.003680879323080463,0.003909284761263467,0.19323954100969473,0.005644256582711002,0.01075285729346114,0.03375071091729273,0.012840496497538385,0.007170907143609195,0.03923829567863296,0.003288947086875412,0.10337645161123936,0.021113338265528733,0.23633882413776067,0.004738250686661665,0.00623557380815023,0.06903005309187081,0.006947240016300855,0.050631203063353565,0.02388847774810026,0.03207189413384762,0.013534546916759182,0.0021328677468876985
9807015,0.0037857385588027856,0.0020942775077707216,0.022431083825659483,0.018845833364613335,0.011610799486200895,0.004656863488626241,0.0029107233269685664,0.010627340389184793,0.06537184129254216,0.005112730076152072,0.0031830826096396147,0.010760459082987906,0.03101108308566536,0.030327796912695146,0.010938285953654581,0.008244165412072164,0.17780033571556708,0.019735633619438062,0.10632360239093751,0.007829018074554267,0.01647615871044405,0.03177739358395758,0.22087356511951248,0.1503505230528034,0.008113295330390452,0.008218106059514787,0.006977465362665115,0.003612798606979406
9408088,0.00431313323832972,0.005119501809406619,0.008408702468671612,0.03418916176881919,0.007170244487318072,0.006574385492977888,0.0017873104976032976,0.0028956581121272118,0.013956890377428439,0.010947539109540784,0.0023002472288267974,0.016240906041234193,0.0015815463128001583,0.012054343489202892,0.003102704650564483,0.010565688621627128,0.0317454535240828,0.01572330473977374,0.013889285182843726,0.003218137945622908,0.005541692185616804,0.18208652072524512,0.20031080903303108,0.3596489782898316,0.0031576011256263213,0.03508889085564684,0.006038651027935298,0.0023427116582651637
9711037,4.743534406567809e-08,0.006872538496531542,0.0013857923249196266,0.03197687811517714,0.010131819409773738,0.005793557398132182,0.00020939830347603861,8.041700148820896e-05,0.01405391311031139,8.287473150109292e-07,0.0030149952902579435,0.0028125718111046867,9.109658550715859e-07,0.044769475515141426,0.00045596261530788247,0.00015033803395134797,0.0021090330849687275,0.0010618282280390056,0.35140963856375246,0.0038571146328272693,4.8725605656140515e-11,0.0006496698467999215,0.051707890381452626,0.441553168503163,0.025404222939167366,0.000511851076436957,2.2694887259723164e-06,2.386863185369729e-05
9406021,0.0015196794422884716,0.004481986309730102,0.00905469694975257,0.008872079549162729,0.006230091450015475,0.011629278033259659,0.0013997641532692009,0.007402236080764344,0.013881165820319322,0.0028816031468300134,0.0029856047856964127,0.04290674995493762,0.04108055097114965,0.003152996183896418,0.006274222706874377,0.019363594522509624,0.17999847575425254,0.007146769869824855,0.012489368213751373,0.03715685943123428,0.002242121817410296,0.014216075445600553,0.030684035014234716,0.4097892511008106,0.08044917148617682,0.0336847269141909,0.0030778246994864,0.005949020192570678
9406208,1.501749826129428e-05,0.0011502329543783012,0.028888329460109826,0.009416460430491238,0.003998187080456992,0.0017939756479155515,0.00028644807462390224,0.0035793087390564534,0.006460756563582172,0.00012269225245746925,0.010621843136896757,0.01838974059112382,6.705725565718686e-05,0.004125851418732909,0.003464802705842966,0.030911546069381707,0.01501855767890727,0.00493109523515443,0.058465508241191545,0.0016493574458967266,4.750024350505431e-06,0.008854602871680117,0.18247491772434649,0.5920204737220419,0.010086206551869929,0.000665235027300631,0.00018697448564907644,0.002350071112642892
9311055,1.1022561505135977e-05,0.007105446831274041,0.008442941672886405,0.028352754784222164,0.025717367541810823,0.003538947295452968,0.0007293576205449162,0.022158555907122107,0.04028058111440739,0.00016191589781657399,0.005716587910974813,0.01778471135515356,0.00044502991173971096,0.020288801848267233,0.0029912286008372444,0.013154622699809796,0.031655448134913854,0.021922196881691253,0.15457750473505183,0.010401608783988735,1.2604920953203706e-06,0.037117973911165475,0.16807274149274204,0.3189186792159364,0.05391391229570675,0.003237622396180739,0.00015102321063056138,0.0031501548960719745
9811164,0.002186851717209824,0.002087242601680631,0.0036735943198251556,0.024761736386760887,0.012641898971715956,0.006714396710229935,0.0025816145469542803,0.0027229782194840317,0.015724710217818096,0.0023013975337687355,0.00467692861344531,0.012496844010451593,0.11587154928402442,0.04267107368473981,0.007532959727302588,0.003678918010623912,0.02159883246405111,0.0034655515338573935,0.04700885829439837,0.0034016026708225972,0.0018696083613707576,0.011856200268486786,0.11860730803348199,0.4414747372501011,0.06775364240936198,0.012220066863258432,0.007558594031674385,0.0008603032631000868
9904123,0.0033537268369934156,0.0017492013522202253,0.0014107335744615653,0.012738457398754777,0.0034108032337663388,0.002488695794004356,0.003849870049021965,2.2013134803144725e-05,0.01138755707383907,0.00039856763002830845,0.0015019638775731828,0.03237142865287585,0.005693892444718029,0.013271140396170786,0.003974981081723332,0.00014753702934653493,0.07564651528307767,0.000657117707754344,0.08763033228419882,0.005700042495498831,0.00035975629421710324,0.00037522345428852585,0.30178937618223306,0.38634402751876284,0.027505136001311555,0.013218561323910152,0.0030009924678727593,2.3494265733644025e-06
104169,1.634388281126052e-05,0.0033586801542006997,0.00111676383490664,0.0012382906548150233,8.737683862997877e-05,0.08990340543398638,0.0025309627909894297,2.3347818663107634e-06,0.0006706476838483462,0.0004133289807384316,0.0004071267906616803,0.015040866403647875,5.5764592101647494e-05,0.4754314937524759,2.5172310463410045e-05,2.1169783068943182e-06,0.0007055589826584774,0.00010412986598488597,0.37808967417087236,0.001741118673161534,1.9228012445669997e-08,8.618121746666736e-05,0.007382989335975097,0.014966330347294865,8.724370640878546e-05,0.00652702034002447,8.736448488604902e-06,3.2181920188117814e-07
9301117,0.005774321982517433,0.002385243284557836,0.02839137594115614,0.024503113154568854,0.013290440322817404,0.006704963403455309,0.0033132758468396905,0.06340480619942027,0.03675691620180467,0.008566135401984564,0.004202463335579942,0.04903994838706897,0.041589848551656664,0.010295418559047179,0.01633476142395884,0.020747704097376387,0.0460092460670163,0.0527776648032311,0.07573914977903334,0.005889095532435882,0.016955994357389922,0.1056725979586272,0.22414934548107615,0.06477111356811562,0.016996346140353277,0.01424401684035987,0.01746983340786776,0.024024859970683307
9809135,0.0012675989418521193,0.004778337586967642,0.0037427773357783457,0.035133701565075,0.0025852620392032804,0.004591651952131508,0.006423975752228832,5.9981172499176456e-05,0.020524852416740916,0.0012456035230305627,0.0016039183421328507,0.005310560409684918,0.009312176634743,0.08603276668608342,0.0011999741083724442,0.00015364352645160645,0.036657197887667484,0.0010182545495841806,0.24053877655216363,0.007575025171924689,6.762409821575943e-05,0.0010331204418795215,0.24161088119799418,0.2721448168510539,0.004684112872505746,0.010158726810064942,0.0005219629514231877,2.2718622547123558e-05
9806021,3.29741304436552e-10,0.007388475588760928,0.0002698035831585377,0.0007569724452882912,0.0010724829090209235,0.00022592130618268077,3.1154348989467e-05,6.742282516979944e-07,0.0007337008766503808,4.626668110727552e-08,0.0006407807877916922,0.0002538539697172146,1.4954006301706397e-08,0.3481875828723581,9.388801705756949e-06,1.077750758984469e-05,0.00041495151997138435,0.00010807656390818101,0.014159194853505556,0.000351256795734262,1.4537858105718596e-14,1.1363310921054532e-05,0.49857437465442483,0.11429874293418216,0.012456472743191224,4.3897786479385025e-05,2.641294471000021e-08,1.1648828558649263e-08
9806207,0.005495289875404568,0.0023125464461736032,0.018090881440052456,0.01511268172211258,0.01323699402406514,0.006717476256011889,0.003284677009724999,0.013161849823101243,0.037990315479816926,0.012576002787618442,0.012440352129166549,0.08131219899880626,0.07658283704572107,0.005984710579836269,0.009969142925408911,0.014246225557336577,0.04642544820575597,0.011766764695035792,0.25031697374384976,0.005652151055658153,0.014731529271445984,0.015963294538781033,0.12156020311323347,0.09555330965381637,0.010681344362464006,0.033000100750925604,0.04671363881636236,0.019121059692314084
9510084,0.0030238012486566135,0.00509856583123535,0.013417763673346631,0.015692305507282556,0.015686962565263283,0.00632366684084099,0.003911389686739158,0.00388667649674678,0.023052246558924894,0.004704551880153751,0.003575521520590164,0.014929119587057438,0.03625108364305263,0.06110993264398573,0.009666041227786252,0.013850845375379502,0.04597287993924963,0.01592652421584873,0.313903655409841,0.0067956061981754145,0.0030307026290147154,0.042637785495658706,0.2197307449250333,0.057655684743845956,0.028229308488204246,0.02469820272721836,0.004689987007730817,0.0025484439331374138
112005,0.0005478430943855748,0.005320953211214702,0.0007484705469117621,0.0035022097315582533,0.002648541177456193,0.0014662136202954054,0.0036152089782219626,3.2415695884154225e-06,0.025237572565561944,0.00026891603768029406,0.0009593367665767505,0.0008794916450792537,0.0019131391646541283,0.27205679297820295,0.0004330583813324948,1.0224153064806576e-05,0.007774935349098953,0.0003661865617919203,0.45485675450633734,0.014616055391876536,6.420653218804025e-06,9.136967934945332e-05,0.17968281934661398,0.01766636310998367,0.0012621991536460645,0.0038747091717636745,0.00019040696990088574,5.664846339059257e-07
9211099,0.004779859117289105,0.006701293461901151,0.014188987321652505,0.005384853177762188,0.16228636136940547,0.011965701384304443,0.002759430251337237,0.016297096544173776,0.02325715957433601,0.025746542598048122,0.0029528431735731794,0.10223319878146431,0.03754348202679205,0.008103911164061567,0.0154290161259988,0.010935842617943867,0.031168469728788818,0.016448853680278794,0.18494906333324823,0.008414689758131656,0.010340956184462156,0.044246681665057755,0.015918740131458643,0.1394384316470803,0.03568701761131634,0.04490304505641235,0.008909382275247547,0.009009090238473705
9611175,0.0002477727370590164,0.0061744541560220636,0.0019493143309216132,0.03745845721382503,0.0041643071428343085,0.0027664200813527877,0.003309262968976865,2.822954981154967e-05,0.030287969766736887,0.00032708770152866024,0.0016704779466518872,0.0032903978061295976,0.00239629859299914,0.10663464911554764,0.001763408467171646,7.886661136124922e-05,0.013275401179761007,0.00044443312465445076,0.3524101396830621,0.004973928553814725,5.5040050435091514e-06,0.0004627111926156221,0.12201477258243892,0.27860256519401844,0.012112850479784717,0.012863231141208981,0.0002831612058649305,3.927468802627208e-06
9811089,4.366152736350735e-06,0.01860611301387453,0.0015128392056547775,0.04096639271827493,6.757394449175241e-05,0.00025942184987473837,0.0029461550852257247,1.322911869544363e-06,0.0013733055668789461,6.5633654678420176e-06,0.0003656818275284724,0.0018522496736663265,5.85436784112268e-06,0.23311080134539078,2.7979866177225103e-05,6.9486822757220425e-06,0.02653560732939167,0.00021820286851618835,0.40991505242763965,0.0017943989866992648,6.20405012933507e-10,0.00015119591321082696,0.00366415171868113,0.2556034696042162,0.0007129754951686267,0.0002890350481741274,2.1997306369309155e-06,1.406800315314409e-07
9209013,0.0022431473988349508,0.002269163237182021,0.011604070178134036,0.017722509020529624,0.027158203910229443,0.007593930342442894,0.0034855993972442226,0.01760554835091883,0.0026809015981006557,0.006248315920048691,0.0039918265637830025,0.004997676306905676,0.046276789587555454,0.37370241865065884,0.00416091604108026,0.01421417163881577,0.009827640507495274,0.006324068717118539,0.008264228028047087,0.005439854488098236,0.007241128837763296,0.02660348294875663,0.005138819503647989,0.30046180838873393,0.0706779329711688,0.002081543104719761,0.0024708839412166637,0.00951342042076937
9810237,0.0016569759642035423,0.007312987331736012,0.0014131850341426474,0.037257701847852875,0.005669188771532522,0.0036491916057839018,0.004176629353883497,1.748798379653995e-05,0.07632380858882408,0.0007794550051492883,0.001269937078584946,0.006543033764346121,0.0027344098851887085,0.07119372680410341,0.002489508638728412,6.0631462067534445e-05,0.002913536195836902,0.0006205172600772202,0.3034528964256167,0.002999834252368755,2.4980269074321514e-05,0.0006761192302611512,0.14751811470623225,0.28984524044203797,0.002427485777939489,0.026128715446773726,0.0008422800906444439,2.420783213131197e-06
9601083,0.02028301772639123,0.0012772588011859035,0.016129804901998116,0.00594252743704434,0.0027091297840057056,0.0033287322599254584,0.0019931335222689857,0.012776444684640216,0.026245457706489502,0.00582001195161809,0.00241804022407481,0.0067679069734442165,0.031062931279022953,0.043999009633465695,0.006444098408300822,0.005400995919736974,0.20506221192841254,0.017753469255848586,0.17440510230204614,0.007182201874604774,0.005838758362407635,0.06769322289415178,0.018994862922518906,0.26113902662853916,0.008682589297602303,0.00646252805379844,0.005419502000076247,0.028768023266380623
9909050,0.005169792487363196,0.0031578727712945212,0.007314122779087267,0.020002753883470153,0.011104541339116055,0.005891715052024876,0.004903997088936013,0.0021012647538553968,0.06444120431731683,0.005268462924838416,0.0032944468905293347,0.02803505222699501,0.03337395560019606,0.04401326180760008,0.008974319138817178,0.006328838823811843,0.10851999085002899,0.00628282854512048,0.13715858906713055,0.010994804485419556,0.004518985842447963,0.013349828550974554,0.23336859445984276,0.1684442428034825,0.017128341774050097,0.04008050178025277,0.005450950783415115,0.0013267391725824084
9904111,0.004074405373106856,0.003914728509170676,0.0026848535770983323,0.03498126188778796,0.008614709646943526,0.005143621506662674,0.5073790839649096,0.00016142240498670884,0.02521980429106684,0.001589359130814759,0.002270802215993767,0.010683730694112867,0.0193958552992499,0.026270480059536565,0.0050012600787241734,0.00044522123352527663,0.02585514304096363,0.0014165313859545044,0.03511336066981054,0.14392445506657475,0.0008278869336182,0.001739641184920228,0.05130107146725251,0.05797566085329652,0.00844117069687296,0.012835880546991307,0.002702060361969587,3.6537918084976084e-05
9805054,0.001222304771770743,0.004376584760119125,0.0047637512772986945,0.035073952874013145,0.007709813958178856,0.005614749492534708,0.00438298147083035,0.00028066724568361404,0.05351649439082947,0.0009545862863239535,0.002937022284917623,0.02382824360489192,0.015429665775712918,0.14415213852206113,0.00454559254151885,0.0006810251202312019,0.017167733518588555,0.0025016440841741177,0.1283589206061555,0.01802553018340506,0.00016773093368803397,0.0063557222678520195,0.25316599129558287,0.2201186156872747,0.020217488936783073,0.022617683293106608,0.0017711435690094376,6.222124746383705e-05
205166,0.001698464367168952,0.005310964169915841,0.0028471966613656543,0.017463640514341062,0.007450743028210452,0.0043241877976280515,0.003269621505696439,0.00043893908643631753,0.009506627599661466,0.0012628746226325586,0.0025204668289288096,0.009218323736422878,0.008746818611329662,0.06658102027213553,0.005269801101533794,0.0009377542365010074,0.04591359784546829,0.00209262608733762,0.20758320651276954,0.008092722017006105,0.00044393631383419363,0.009492987197321015,0.4197405589402203,0.12413565807933144,0.024355766454434342,0.008875872001434677,0.002320405050384295,0.00010521936054970467
9812067,9.409834426395964e-07,0.006347447480022537,0.005251615659953468,0.013272741764396192,0.0069368461815427695,0.0011664579484861515,0.001008285216738699,1.8043456293062196e-05,0.018748472070117747,1.0041957536845383e-05,0.0016834830401779492,0.001362573736146337,1.909259822027386e-05,0.10160356472471725,0.00014567956278311065,8.782138096729592e-05,0.020399322160077414,0.0015387332190025728,0.5376489462841483,0.005780729780570487,9.462897837920837e-10,0.0005712592850745087,0.16210018087620232,0.11009184168431298,0.002899675022282167,0.0013006812629119855,3.5066634445744507e-06,2.0150541407614187e-06
9190,0.0010347693540054867,0.0026742464611723576,0.001198451757547292,0.01583580317385941,0.0028344403063976266,0.0054844249836350605,0.0036237760579128464,1.7416139978648736e-05,0.007340413186613742,0.00035817327453154766,0.0012132638772226032,0.005547887111950203,0.0027466406308075887,0.04173345781528103,0.0013278175375049128,5.062683809284283e-05,0.05404733923032262,0.0004386233562129994,0.39430286757501837,0.004882619462474983,7.363387095212706e-05,0.0002488938745618012,0.3071514865782219,0.12824962149414595,0.004265923583897783,0.012592300605279183,0.0007223229015575308,2.7589608413253614e-06
9810041,0.0007876292400411277,0.008100691304280974,0.0005083168257841706,0.01192173358085135,0.015750121182073643,0.003994399389988114,0.002681845729175946,4.166322581185288e-06,0.011441734954220621,6.426035933893771e-05,0.001421197655517721,0.005399896147281535,0.0017298845063603758,0.18246883424785157,0.0031610153114166764,1.1145388798708443e-05,0.040707514467062826,0.00011561685094101525,0.1198353868698125,0.004793412820019908,1.5003497817802184e-05,0.00019853560222012724,0.09347073674167584,0.4619815063885558,0.0075389405772288785,0.020424919252506658,0.0014714968661380446,5.792045788901679e-08
9309014,0.001484155588115889,0.002372825942159288,0.009117064881980243,0.019341437118244098,0.006653622945954995,0.005094806249764948,0.0024073835542686843,0.0077248356298819055,0.046867913578892084,0.003474772013027167,0.003429438058345821,0.04550623114018359,0.018949703345834644,0.01392431462454788,0.0086962945659167,0.012826446587776338,0.04233226938168175,0.014158931606651428,0.11686740115816806,0.005729419162858966,0.0018674532670309438,0.04238574267790289,0.4805254811111189,0.044311035620359006,0.018057265620044966,0.017017509482921137,0.003307705741475319,0.005568539344892478
9911116,1.9552478086074077e-17,0.011489448209068831,0.00025988503654549456,0.0009253346436279688,0.009414886487574211,6.298985335995536e-05,8.142346080154481e-07,7.0241315231421934e-06,0.0021696447579544723,6.904301783053092e-13,0.008041749276200777,0.0007115619880094476,1.9840738987890382e-14,0.208805930768865,2.650252249979795e-07,6.767164190297244e-06,9.381183897428971e-05,0.001344329354438903,0.47790051724632504,0.003064531999281996,2.1700526768183806e-25,0.00017849461728375112,0.15418627064150386,0.10253940372598705,0.01879382158908126,2.5102771229378075e-06,6.326759007958852e-13,7.131905320065889e-09
11191,0.00032768426829018327,0.004267081610984981,0.003227576623365225,0.06341514876645868,0.00301212988274337,0.002177704372254814,0.003784839300150853,1.6548876157221886e-05,0.01096371218496093,0.0006560745047771081,0.001226104760486332,0.0022181915602708597,0.006506944844701401,0.6722583654886727,0.0005227808850401189,3.956272990288519e-05,0.016061168404576134,0.0005759567147559294,0.08107451284192237,0.005135779095179064,4.325010492401456e-06,0.00039394618808900016,0.07458435542216771,0.03824250520879599,0.003162997219841559,0.006002632889471418,0.00013715629159067016,4.21405390022664e-06
106200,3.773973994952452e-05,0.003980634050184789,0.0003767415695462755,0.20822080443013571,0.0017173243324820314,0.0015594973896018625,0.00313048009837781,4.915414855380236e-07,0.02497134481001222,1.5488993664876226e-05,0.0006830419146774302,0.002838834902306402,0.00014894386997254915,0.11373369580729287,0.00010914700627855481,3.2849969599325824e-06,0.004737895322877855,6.839333911832876e-05,0.18953062907311935,0.003160808920735784,1.1349020850661811e-07,5.655026816082078e-05,0.25615086069777177,0.17549258316929903,0.007290260139894358,0.0019423748760422964,4.202084683987859e-05,1.4403003478921952e-08
101042,0.0005958163148067226,0.0075825859568592,0.005029917538404615,0.03027353921610618,0.0016957279445946778,0.0024163999283627574,0.009751549969679061,3.3047919357970894e-05,0.04162298817060161,0.001327393539442608,0.0014795368997423677,0.002498919136042379,0.005407098346391019,0.2590350502247711,0.00042891802549206823,7.42457482905358e-05,0.02742491047975443,0.0011898133376364792,0.28988069298353736,0.03447494065305346,9.280540291577619e-06,0.0006610654018169228,0.08108326076175038,0.18418001933994313,0.002464198427370603,0.009230358035830331,0.00013111528231447384,1.760987775589433e-05
9809053,0.0005415691634127536,0.0020834054143155363,0.22071970820529,0.0044543344074927885,0.0010558652323097834,0.0009867056637173795,0.0023505745935255193,0.00030365551293428175,0.016117780720636788,0.00930831443338064,0.0014668649472416625,0.003412642796135029,0.10187585171250314,0.0316611829708273,0.0007281471124031578,0.002093356427738748,0.003581154798832718,0.001098210603688551,0.12635595881689984,0.005602071144113089,0.00030657919001720766,0.12222454142716781,0.024013677094320805,0.3001935725876104,0.012038065724690905,0.0045608163629494835,0.0003319014499886349,0.0005334914858558438
12186,0.003191194731166285,0.0011249602864727888,0.003263081907981126,0.01845464366299574,0.005377871354573832,0.002716641193527871,0.7350853314797505,0.0006251087991617606,0.012771685862290622,0.0021239285681540656,0.002021335141899272,0.015095906460922116,0.03837651717603336,0.0016923107121810043,0.005189009379315581,0.0013591017930245062,0.06073647678991347,0.0021568416346755916,0.008791631844582813,0.015290785247574556,0.002593941778738723,0.002829810021892992,0.0039358249530273256,0.02506751381987971,0.021565458911665863,0.0036677385442186712,0.004720226657118244,0.00017512128726144324
9211132,0.0006146026211064328,0.0022827492888813886,0.007696756475115893,0.017139743333171482,0.014692244805684235,0.0045937564021728185,0.001750819481968603,0.014556861681243718,0.01995868919207457,0.002043261766770975,0.003969995027472917,0.04456762413546327,0.02081815961117423,0.008192288281845166,0.008035323097175646,0.014818563978080094,0.05954128355869046,0.014779420495508587,0.06186171053416103,0.0054145631809415515,0.0006313703937754675,0.03091490889872919,0.3572697976017797,0.23459217393235582,0.032703596454206584,0.007782498653353683,0.0022830055609297474,0.0064942315561668535
9405153,0.003059123913449453,0.006403731215653211,0.015285935806973782,0.008603630779916075,0.017340719787624612,0.005926143686406704,0.004144541404988739,0.009613923525624957,0.14370525657376648,0.023677368403347204,0.0070001315838381425,0.043274078820825713,0.014705791111487931,0.01776770847680602,0.010114402283891582,0.011474709779772295,0.010887620956294598,0.020173205626954967,0.21236283080301147,0.004257040034087604,0.004615218217044253,0.05307657928553504,0.24583166925185515,0.03850954527522547,0.02611431981669464,0.019763499388447243,0.0026952852071642636,0.019615988983312627
211066,0.00281051586452585,0.0018868757470935017,0.005184454658516302,0.012703315294386584,0.014469220460876607,0.006007999482651782,0.0027647694558199844,0.002491580528850816,0.006529890430557779,0.005131064703159848,0.0020301463356601174,0.013463443125108186,0.009566116307887954,0.006407962060419753,0.003792205738748462,0.002552230968059686,0.011892612479685033,0.0032624838081575518,0.11241449670291544,0.006779467323562454,0.00254144417090647,0.0066290854250284645,0.48407001202360095,0.2631197246310301,0.002644358424043917,0.00505721292199625,0.002551407094372141,0.0012459038323777343
203193,0.002460168982662316,0.006173029503846431,0.004006289451983314,0.01652535852069667,0.01511253510746202,0.0039077433766236255,0.0038674400902421785,8.425661222702388e-05,0.039599949028048295,0.0010288209438234705,0.002102856679815562,0.005246246745758461,0.005845792316687773,0.34786957692655573,0.003439628528868559,0.00027357910021799897,0.024438531911640714,0.0010058807889106248,0.1367995867929886,0.0031555698558613974,0.00010085284215799882,0.0010538129478676393,0.027682385831531278,0.25487691789798345,0.03295468902303937,0.05824020578584578,0.002143029925635255,5.2644810185784605e-06
9309027,0.0009448546704028303,0.0028003759396281235,0.008268190024815516,0.03200941296748881,0.012069967136781004,0.010342586105427177,0.003589630032192852,0.006869975074771372,0.05234598276944246,0.0021738787287747963,0.004852774134398923,0.018467789208313164,0.007411924078077315,0.016804948501034013,0.005645481513070287,0.0069927462371373985,0.14150889110629367,0.015253699766680265,0.14277285564768377,0.016901171481123384,0.00048670215935434156,0.11147743253419141,0.1616072610081193,0.18849362607031475,0.01592265679289292,0.00788316720271802,0.0040697068543472485,0.002032312254525059
9802062,0.004240960887443286,0.0030543744871818677,0.012440913394233095,0.02243338422132988,0.014560998293785828,0.0068499747673036,0.004041224752530661,0.008867065959928358,0.05194944233817042,0.007364233754039283,0.00418245217866606,0.027033387422389272,0.04699082117405472,0.025842136559415457,0.01299821901431879,0.014069630023316904,0.08629700379755963,0.01603592598373049,0.10978409529850959,0.008020622857813325,0.006858591441372037,0.04217231326902391,0.2695722950097974,0.1425447347614083,0.021555225297425314,0.017342766598203805,0.006209871028138805,0.006687335428909906
9509073,0.0005146611025095637,0.0014633566346383608,0.024564648060803183,0.009734118160527147,0.00912992705115011,0.002708021109140603,0.0013000998238557218,0.00454718192864519,0.06197174186084654,0.0008816522858700788,0.0035342267690452248,0.026611230493074976,0.013881405773650964,0.09414943239678909,0.008375725234405159,0.0029528095541035853,0.006371881787199758,0.011761930550628737,0.01786862758228191,0.005188316304436331,0.00025801329322339465,0.005035357315966598,0.03951748129944174,0.6133287796278285,0.009793165689050719,0.015536209994965798,0.007356102139571684,0.0016638961763493776
212225,3.496475712618994e-05,0.004948307093705611,0.000789089819810173,0.019968002060829916,0.014510337516688275,0.003029489521686338,0.002728654398656791,2.2361508439633875e-05,0.01884107546441778,4.184921441299566e-05,0.0011814019541976,0.0031250893596238764,0.00017482736974911835,0.24100324942760706,0.0015587708572584538,1.1821814539199176e-05,0.006353609715322029,0.0002853999228991698,0.4311673259074574,0.003682508948519977,8.871251265603107e-08,8.106539751580853e-05,0.15872734213120093,0.07669181517758314,0.00819673549104925,0.002648466599203852,0.00019605984418913619,2.900137977507924e-07
6101,0.0025780960466848333,0.0030029263247671697,0.007476904772904944,0.01966698717011462,0.003954387242704491,0.0037642206245376646,0.005717390092166836,0.0005132088029079891,0.05585345633428165,0.002677801557312787,0.0023099173029881366,0.005778220259112391,0.012517824709407932,0.06490774978815812,0.003911438867696958,0.0009035459730896544,0.01712946360839584,0.0041620949568902735,0.3285056299721467,0.025229464100201136,0.0005936754400876663,0.003023427698277234,0.192804585885353,0.20840220183809302,0.009823611582619683,0.012819974686979034,0.0017772771143118899,0.00019451724780839995
9905231,0.00537557368529654,0.002920924477687314,0.0007306360502154569,0.0583726654900541,0.021303479467035827,0.006652736421572646,0.006279633379015203,5.230904188724863e-05,0.004652847649181006,0.0004058152860121615,0.001279592789642901,0.029905865153558316,0.013459163639931472,0.220335449884586,0.009436183209522003,3.739209437142056e-05,0.03724134053484868,7.167979753278358e-05,0.04073056460653625,0.004104726850574112,0.000376185479949116,0.001163159199940756,0.08450219738609831,0.07151806157049052,0.3625891112851242,0.010380831854104768,0.006121371053085784,5.026621451408826e-07
6005,0.004052865201534308,0.005679867831936677,0.0029241250939299112,0.04298214348391492,0.01822809437787186,0.00864450585178772,0.004124196697381167,0.0002775685467428781,0.11188130311448252,0.0017333263775447688,0.004161029652438177,0.019812671189143736,0.024730212001253162,0.1222375199427032,0.010129383943724004,0.000791893654933485,0.04761795619737944,0.0019922718849959623,0.0827782600991434,0.03327199752996293,0.000305713453308739,0.0038239370684978557,0.26488884829402876,0.1096556317061694,0.05106585878125072,0.018461295856083536,0.003710815231403362,3.6706936453355185e-05
9608169,3.159714763092723e-05,0.004894820385749752,0.0013306151924145002,0.020002809411484038,0.0017705646060756398,0.004388995155410762,0.0013615340336404196,0.00019911063139059279,0.05695833631930507,8.910000779494817e-05,0.004269424016494857,0.02116723837872295,0.0002443957176589119,0.005336414697520089,0.011081029146080983,0.0009205832994729087,0.007261899435852393,0.002058099187009815,0.8078182532964907,0.002984927619874604,5.896507955752304e-07,0.001891355157182835,0.029164280079939958,0.010582450903211542,0.002829893161450011,0.001230370022397249,9.525513993563793e-05,3.605819901234617e-05
9612210,0.004290539784329006,0.004397813714077467,0.0005360953424188993,0.024957826295528125,0.02966958825962542,0.00910515381187056,0.009821653200294427,8.3558190111292e-06,0.01646936179767895,0.00025837927044623825,0.0021719860314389472,0.010541344506835559,0.03768404800691155,0.16837087496413586,0.01083053420118607,4.773116178016064e-05,0.054950813336404856,0.0001637865746241125,0.17581305448128057,0.003747639698817255,0.0002494021891596001,0.0003352914140007452,0.20911661393273404,0.16921039505033036,0.03387222140278852,0.016722483013718467,0.00665675083012872,2.619084443486211e-07
9603149,0.0010133990132234695,0.003010071333815467,0.02944249027893033,0.05097630619102425,0.03144745033433212,0.00616079112434278,0.0029753551754869933,0.0042878345708478845,0.22363408918393382,0.002209452551762208,0.003677670473834802,0.06392887356409509,0.013735294126848516,0.026090513903955483,0.00507342171618277,0.009949545119815271,0.07020644897077014,0.030365746119190615,0.13694788006227657,0.0071034537314522885,0.0005727360777434485,0.05762831587716586,0.047491797735700184,0.09613345027679267,0.02192838720844605,0.04959016913112875,0.002027252823429993,0.0023918033234721883
112095,0.0007376386516169367,0.0050307422294438575,0.025773279279870432,0.002738971257405042,0.006757614161829608,0.0030635367531026973,0.005219626062682099,0.0005509208263321059,0.06446760817752764,0.0028927180062677323,0.005290095180709521,0.0048214311629729,0.00787097521310728,0.42434900767062816,0.0008177338879983065,0.0010266112906600917,0.046099956899245405,0.021059547035968493,0.13678840196826245,0.0056107222485144576,0.00014698407054652537,0.0013567947832241079,0.01498900662911787,0.20468069702782443,0.0007787374151694324,0.006390165934314879,0.0003294858580882367,0.00036099031756944166
